21.088518
20.921536
20.756872
20.594489
20.434348
20.276412
20.120645
19.967010
19.815471
19.665992
19.518537
19.373073
19.229564
19.087977
18.948278
18.810434
18.674413
18.540184
18.407715
18.276974
18.147933
18.020561
17.894830
17.770710
17.648174
17.527194
17.407744
17.289796
17.173326
17.058307
16.944715
16.832525
16.721714
16.612257
16.504132
16.397317
16.291788
16.187525
16.084506
15.982710
15.882117
15.782705
15.684457
15.587351
15.491370
15.396494
15.302705
15.209985
15.118316
15.027682
14.938065
14.849447
14.761814
14.675149
14.589436
14.504660
14.420805
14.337857
14.255801
14.174622
14.094307
14.014842
13.936214
13.858409
13.781414
13.705216
13.629804
13.555164
13.481286
13.408157
13.335766
13.264101
13.193152
13.122909
13.053360
12.984495
12.916304
12.848777
12.781905
12.715678
12.650087
12.585123
12.520777
12.457041
12.393905
12.331362
12.269403
12.208021
12.147208
12.086956
12.027257
11.968105
11.909492
11.851411
11.793855
11.736818
11.680293
11.624273
11.568753
11.513725
11.459185
11.405125
11.351541
11.298426
11.245775
11.193582
11.141842
11.090550
11.039700
10.989288
10.939307
10.889755
10.840624
10.791912
10.743613
10.695722
10.648236
10.601149
10.554458
10.508158
10.462244
10.416714
10.371562
10.326785
10.282379
10.238340
10.194665
10.151349
10.108388
10.065780
10.023521
9.981607
9.940034
9.898800
9.857901
9.817334
9.777096
9.737182
9.697591
9.658320
9.619364
9.580722
9.542390
9.504365
9.466645
9.429226
9.392107
9.355284
9.318754
9.282516
9.246565
9.210901
9.175520
9.140419
9.105597
9.071051
9.036778
9.002777
8.969045
8.935579
8.902377
8.869438
8.836759
8.804337
8.772171
8.740259
8.708598
8.677186
8.646021
8.615102
8.584426
8.553991
8.523795
8.493837
8.464114
8.434624
8.405366
8.376338
8.347538
8.318963
8.290613
8.262485
8.234578
8.206889
8.179417
8.152161
8.125118
8.098287
8.071666
8.045253
8.019047
7.993046
7.967248
7.941652
7.916256
7.891059
7.866058
7.841252
7.816640
7.792220
7.767990
7.743949
7.720096
7.696428
7.672944
7.649643
7.626523
7.603582
7.580820
7.558234
7.535824
7.513587
7.491523
7.469629
7.447905
7.426348
7.404958
7.383733
7.362672
7.341773
7.321035
7.300457
7.280037
7.259774
7.239666
7.219712
7.199912
7.180263
7.160764
7.141414
7.122212
7.103156
7.084246
7.065479
7.046856
7.028373
7.010031
6.991828
6.973763
6.955835
6.938042
6.920383
6.902857
6.885463
6.868201
6.851067
6.834063
6.817186
6.800435
6.783809
6.767308
6.750929
6.734673
6.718538
6.702522
6.686625
6.670846
6.655184
6.639637
6.624205
6.608887
6.593681
6.578588
6.563605
6.548731
6.533967
6.519310
6.504760
6.490316
6.475977
6.461743
6.447611
6.433582
6.419654
6.405826
6.392098
6.378469
6.364938
6.351503
6.338165
6.324922
6.311774
6.298719
6.285756
6.272886
6.260107
6.247418
6.234819
6.222309
6.209886
6.197551
6.185302
6.173139
6.161061
6.149067
6.137156
6.125328
6.113583
6.101918
6.090334
6.078830
6.067404
6.056058
6.044789
6.033597
6.022481
6.011442
6.000477
5.989587
5.978770
5.968027
5.957356
5.946757
5.936229
5.925771
5.915384
5.905066
5.894817
5.884636
5.874523
5.864476
5.854496
5.844582
5.834733
5.824949
5.815229
5.805573
5.795980
5.786449
5.776980
5.767572
5.758226
5.748940
5.739713
5.730547
5.721438
5.712389
5.703397
5.694462
5.685585
5.676763
5.667998
5.659288
5.650633
5.642033
5.633486
5.624993
5.616553
5.608166
5.599831
5.591548
5.583316
5.575136
5.567005
5.558925
5.550894
5.542913
5.534980
5.527096
5.519260
5.511471
5.503730
5.496035
5.488387
5.480785
5.473228
5.465717
5.458250
5.450829
5.443451
5.436117
5.428827
5.421579
5.414375
5.407212
5.400092
5.393013
5.385976
5.378980
5.372024
5.365109
5.358233
5.351397
5.344601
5.337844
5.331125
5.324444
5.317802
5.311198
5.304630
5.298100
5.291607
5.285151
5.278730
5.272346
5.265997
5.259683
5.253405
5.247161
5.240952
5.234777
5.228637
5.222529
5.216455
5.210415
5.204407
5.198431
5.192489
5.186578
5.180699
5.174851
5.169035
5.163250
5.157495
5.151772
5.146078
5.140415
5.134781
5.129177
5.123603
5.118057
5.112540
5.107053
5.101593
5.096162
5.090758
5.085383
5.080035
5.074714
5.069420
5.064153
5.058913
5.053700
5.048512
5.043351
5.038215
5.033105
5.028021
5.022962
5.017928
5.012918
5.007933
5.002973
4.998037
4.993125
4.988237
4.983373
4.978532
4.973714
4.968920
4.964148
4.959399
4.954673
4.949970
4.945288
4.940629
4.935991
4.931376
4.926781
4.922209
4.917657
4.913127
4.908617
4.904128
4.899660
4.895212
4.890785
4.886378
4.881990
4.877623
4.873275
4.868946
4.864637
4.860347
4.856076
4.851825
4.847592
4.843377
4.839181
4.835004
4.830844
4.826703
4.822580
4.818474
4.814386
4.810316
4.806263
4.802227
4.798209
4.794208
4.790223
4.786255
4.782304
4.778370
4.774451
4.770550
4.766664
4.762794
4.758940
4.755102
